wl	n	k
0.365	2.402	2.78E+00
0.366	2.423	2.78E+00
0.367	2.444	2.78E+00
0.368	2.466	2.79E+00
0.369	2.488	2.79E+00
0.37	2.51	2.79E+00
0.371	2.532	2.79E+00
0.372	2.555	2.80E+00
0.373	2.577	2.80E+00
0.374	2.6	2.80E+00
0.375	2.623	2.80E+00
0.376	2.646	2.80E+00
0.377	2.669	2.80E+00
0.378	2.692	2.80E+00
0.379	2.715	2.80E+00
0.38	2.739	2.80E+00
0.381	2.762	2.80E+00
0.382	2.786	2.80E+00
0.383	2.81	2.80E+00
0.384	2.834	2.80E+00
0.385	2.858	2.80E+00
0.386	2.882	2.79E+00
0.387	2.906	2.79E+00
0.388	2.93	2.79E+00
0.389	2.954	2.79E+00
0.39	2.978	2.78E+00
0.391	3.002	2.78E+00
0.392	3.026	2.77E+00
0.393	3.05	2.77E+00
0.394	3.074	2.76E+00
0.395	3.098	2.76E+00
0.396	3.122	2.75E+00
0.397	3.146	2.75E+00
0.398	3.17	2.74E+00
0.399	3.193	2.73E+00
0.4	3.217	2.73E+00
0.401	3.24	2.72E+00
0.402	3.264	2.71E+00
0.403	3.287	2.70E+00
0.404	3.31	2.70E+00
0.405	3.334	2.69E+00
0.406	3.357	2.68E+00
0.407	3.38	2.67E+00
0.408	3.403	2.66E+00
0.409	3.426	2.66E+00
0.41	3.449	2.65E+00
0.411	3.472	2.64E+00
0.412	3.495	2.63E+00
0.413	3.518	2.62E+00
0.414	3.542	2.62E+00
0.415	3.566	2.61E+00
0.416	3.59	2.60E+00
0.417	3.615	2.59E+00
0.418	3.641	2.58E+00
0.419	3.667	2.58E+00
0.42	3.695	2.57E+00
0.421	3.723	2.56E+00
0.422	3.753	2.55E+00
0.423	3.785	2.54E+00
0.424	3.817	2.54E+00
0.425	3.852	2.52E+00
0.426	3.888	2.51E+00
0.427	3.926	2.50E+00
0.428	3.965	2.48E+00
0.429	4.006	2.47E+00
0.43	4.048	2.44E+00
0.431	4.092	2.42E+00
0.432	4.135	2.39E+00
0.433	4.178	2.36E+00
0.434	4.221	2.32E+00
0.435	4.261	2.28E+00
0.436	4.3	2.23E+00
0.437	4.335	2.18E+00
0.438	4.366	2.13E+00
0.439	4.393	2.08E+00
0.44	4.416	2.02E+00
0.441	4.433	1.96E+00
0.442	4.446	1.90E+00
0.443	4.455	1.84E+00
0.444	4.459	1.79E+00
0.445	4.459	1.73E+00
0.446	4.455	1.67E+00
0.447	4.448	1.62E+00
0.448	4.438	1.57E+00
0.449	4.426	1.52E+00
0.45	4.412	1.48E+00
0.451	4.397	1.43E+00
0.452	4.38	1.39E+00
0.453	4.362	1.35E+00
0.454	4.343	1.32E+00
0.455	4.323	1.28E+00
0.456	4.303	1.25E+00
0.457	4.282	1.22E+00
0.458	4.261	1.19E+00
0.459	4.24	1.16E+00
0.46	4.219	1.14E+00
0.461	4.197	1.12E+00
0.462	4.176	1.09E+00
0.463	4.155	1.07E+00
0.464	4.133	1.05E+00
0.465	4.112	1.03E+00
0.466	4.091	1.02E+00
0.467	4.07	9.99E-01
0.468	4.049	9.84E-01
0.469	4.028	9.70E-01
0.47	4.008	9.57E-01
0.471	3.988	9.46E-01
0.472	3.967	9.35E-01
0.473	3.948	9.25E-01
0.474	3.928	9.16E-01
0.475	3.909	9.09E-01
0.476	3.89	9.02E-01
0.477	3.871	8.96E-01
0.478	3.853	8.91E-01
0.479	3.835	8.87E-01
0.48	3.818	8.84E-01
0.481	3.801	8.82E-01
0.482	3.784	8.81E-01
0.483	3.768	8.81E-01
0.484	3.753	8.82E-01
0.485	3.738	8.84E-01
0.486	3.725	8.86E-01
0.487	3.711	8.90E-01
0.488	3.699	8.94E-01
0.489	3.687	9.00E-01
0.49	3.677	9.06E-01
0.491	3.667	9.12E-01
0.492	3.659	9.20E-01
0.493	3.652	9.28E-01
0.494	3.646	9.37E-01
0.495	3.642	9.47E-01
0.496	3.638	9.57E-01
0.497	3.637	9.67E-01
0.498	3.637	9.77E-01
0.499	3.639	9.88E-01
0.5	3.642	9.99E-01
0.501	3.648	1.01E+00
0.502	3.655	1.02E+00
0.503	3.665	1.03E+00
0.504	3.676	1.04E+00
0.505	3.689	1.05E+00
0.506	3.704	1.05E+00
0.507	3.721	1.06E+00
0.508	3.739	1.06E+00
0.509	3.759	1.06E+00
0.51	3.78	1.06E+00
0.511	3.803	1.06E+00
0.512	3.826	1.05E+00
0.513	3.85	1.05E+00
0.514	3.874	1.03E+00
0.515	3.898	1.02E+00
0.516	3.921	1.00E+00
0.517	3.943	9.82E-01
0.518	3.965	9.59E-01
0.519	3.984	9.34E-01
0.52	4.002	9.06E-01
0.521	4.017	8.76E-01
0.522	4.03	8.45E-01
0.523	4.04	8.12E-01
0.524	4.047	7.78E-01
0.525	4.052	7.43E-01
0.526	4.054	7.08E-01
0.527	4.053	6.73E-01
0.528	4.05	6.38E-01
0.529	4.044	6.04E-01
0.53	4.035	5.70E-01
0.531	4.025	5.37E-01
0.532	4.012	5.06E-01
0.533	3.998	4.76E-01
0.534	3.982	4.47E-01
0.535	3.964	4.19E-01
0.536	3.945	3.93E-01
0.537	3.925	3.69E-01
0.538	3.905	3.46E-01
0.539	3.883	3.24E-01
0.54	3.861	3.04E-01
0.541	3.839	2.85E-01
0.542	3.816	2.68E-01
0.543	3.792	2.52E-01
0.544	3.769	2.37E-01
0.545	3.745	2.24E-01
0.546	3.722	2.11E-01
0.547	3.698	2.00E-01
0.548	3.674	1.90E-01
0.549	3.65	1.80E-01
0.55	3.627	1.72E-01
0.551	3.603	1.64E-01
0.552	3.579	1.57E-01
0.553	3.556	1.51E-01
0.554	3.532	1.46E-01
0.555	3.509	1.41E-01
0.556	3.485	1.37E-01
0.557	3.462	1.34E-01
0.558	3.439	1.31E-01
0.559	3.415	1.30E-01
0.56	3.392	1.28E-01
0.561	3.368	1.28E-01
0.562	3.345	1.28E-01
0.563	3.321	1.28E-01
0.564	3.297	1.29E-01
0.565	3.274	1.31E-01
0.566	3.25	1.34E-01
0.567	3.225	1.37E-01
0.568	3.201	1.41E-01
0.569	3.176	1.45E-01
0.57	3.151	1.51E-01
0.571	3.126	1.57E-01
0.572	3.1	1.64E-01
0.573	3.074	1.72E-01
0.574	3.048	1.81E-01
0.575	3.021	1.91E-01
0.576	2.993	2.03E-01
0.577	2.965	2.15E-01
0.578	2.936	2.30E-01
0.579	2.907	2.45E-01
0.58	2.877	2.63E-01
0.581	2.846	2.83E-01
0.582	2.814	3.05E-01
0.583	2.782	3.30E-01
0.584	2.75	3.57E-01
0.585	2.717	3.88E-01
0.586	2.683	4.23E-01
0.587	2.65	4.63E-01
0.588	2.617	5.07E-01
0.589	2.585	5.56E-01
0.59	2.554	6.12E-01
0.591	2.525	6.74E-01
0.592	2.5	7.43E-01
0.593	2.48	8.20E-01
0.594	2.466	9.04E-01
0.595	2.461	9.96E-01
0.596	2.467	1.10E+00
0.597	2.485	1.20E+00
0.598	2.517	1.31E+00
0.599	2.567	1.42E+00
0.6	2.634	1.53E+00
0.601	2.719	1.63E+00
0.602	2.824	1.72E+00
0.603	2.946	1.81E+00
0.604	3.085	1.87E+00
0.605	3.236	1.91E+00
0.606	3.396	1.93E+00
0.607	3.558	1.92E+00
0.608	3.715	1.88E+00
0.609	3.862	1.82E+00
0.61	3.992	1.73E+00
0.611	4.101	1.63E+00
0.612	4.188	1.52E+00
0.613	4.253	1.41E+00
0.614	4.298	1.29E+00
0.615	4.324	1.18E+00
0.616	4.337	1.08E+00
0.617	4.337	9.78E-01
0.618	4.329	8.90E-01
0.619	4.314	8.11E-01
0.62	4.294	7.40E-01
0.621	4.271	6.76E-01
0.622	4.245	6.18E-01
0.623	4.219	5.67E-01
0.624	4.191	5.22E-01
0.625	4.164	4.81E-01
0.626	4.137	4.44E-01
0.627	4.11	4.11E-01
0.628	4.083	3.82E-01
0.629	4.058	3.55E-01
0.63	4.033	3.31E-01
0.631	4.009	3.09E-01
0.632	3.985	2.90E-01
0.633	3.963	2.72E-01
0.634	3.941	2.55E-01
0.635	3.92	2.40E-01
0.636	3.9	2.27E-01
0.637	3.881	2.14E-01
0.638	3.862	2.02E-01
0.639	3.844	1.92E-01
0.64	3.827	1.82E-01
0.641	3.81	1.73E-01
0.642	3.794	1.64E-01
0.643	3.778	1.57E-01
0.644	3.763	1.49E-01
0.645	3.748	1.42E-01
0.646	3.734	1.36E-01
0.647	3.721	1.30E-01
0.648	3.708	1.25E-01
0.649	3.695	1.19E-01
0.65	3.682	1.15E-01
0.651	3.67	1.10E-01
0.652	3.659	1.06E-01
0.653	3.648	1.02E-01
0.654	3.637	9.78E-02
0.655	3.626	9.42E-02
0.656	3.616	9.08E-02
0.657	3.606	8.75E-02
0.658	3.596	8.45E-02
0.659	3.586	8.16E-02
0.66	3.577	7.89E-02
0.661	3.568	7.63E-02
0.662	3.559	7.38E-02
0.663	3.55	7.14E-02
0.664	3.542	6.92E-02
0.665	3.534	6.71E-02
0.666	3.526	6.50E-02
0.667	3.518	6.31E-02
0.668	3.51	6.12E-02
0.669	3.503	5.95E-02
0.67	3.495	5.78E-02
0.671	3.488	5.61E-02
0.672	3.481	5.46E-02
0.673	3.474	5.31E-02
0.674	3.468	5.17E-02
0.675	3.461	5.03E-02
0.676	3.455	4.90E-02
0.677	3.448	4.77E-02
0.678	3.442	4.65E-02
0.679	3.436	4.54E-02
0.68	3.43	4.42E-02
0.681	3.424	4.32E-02
0.682	3.418	4.21E-02
0.683	3.413	4.11E-02
0.684	3.407	4.02E-02
0.685	3.402	3.92E-02
0.686	3.396	3.83E-02
0.687	3.391	3.75E-02
0.688	3.386	3.66E-02
0.689	3.381	3.58E-02
0.69	3.376	3.50E-02
0.691	3.371	3.43E-02
0.692	3.366	3.36E-02
0.693	3.361	3.28E-02
0.694	3.356	3.22E-02
0.695	3.352	3.15E-02
0.696	3.347	3.09E-02
0.697	3.343	3.02E-02
0.698	3.338	2.96E-02
0.699	3.334	2.91E-02
0.7	3.33	2.85E-02
0.701	3.325	2.79E-02
0.702	3.321	2.74E-02
0.703	3.317	2.69E-02
0.704	3.313	2.64E-02
0.705	3.309	2.59E-02
0.706	3.305	2.54E-02
0.707	3.301	2.50E-02
0.708	3.297	2.45E-02
0.709	3.294	2.41E-02
0.71	3.29	2.36E-02
0.711	3.286	2.32E-02
0.712	3.282	2.28E-02
0.713	3.279	2.24E-02
0.714	3.275	2.21E-02
0.715	3.272	2.17E-02
0.716	3.268	2.13E-02
0.717	3.265	2.10E-02
0.718	3.262	2.06E-02
0.719	3.258	2.03E-02
0.72	3.255	2.00E-02
0.721	3.252	1.96E-02
0.722	3.248	1.93E-02
0.723	3.245	1.90E-02
0.724	3.242	1.87E-02
0.725	3.239	1.84E-02
0.726	3.236	1.82E-02
0.727	3.233	1.79E-02
0.728	3.23	1.76E-02
0.729	3.227	1.73E-02
0.73	3.224	1.71E-02
0.731	3.221	1.68E-02
0.732	3.218	1.66E-02
0.733	3.215	1.64E-02
0.734	3.212	1.61E-02
0.735	3.21	1.59E-02
0.736	3.207	1.57E-02
0.737	3.204	1.54E-02
0.738	3.201	1.52E-02
0.739	3.199	1.50E-02
0.74	3.196	1.48E-02
0.741	3.193	1.46E-02
0.742	3.191	1.44E-02
0.743	3.188	1.42E-02
0.744	3.186	1.40E-02
0.745	3.183	1.38E-02
0.746	3.181	1.37E-02
0.747	3.178	1.35E-02
0.748	3.176	1.33E-02
0.749	3.173	1.31E-02
0.75	3.171	1.30E-02
0.751	3.169	1.28E-02
0.752	3.166	1.26E-02
0.753	3.164	1.25E-02
0.754	3.162	1.23E-02
0.755	3.159	1.22E-02
0.756	3.157	1.20E-02
0.757	3.155	1.19E-02
0.758	3.152	1.17E-02
0.759	3.15	1.16E-02
0.76	3.148	1.14E-02
0.761	3.146	1.13E-02
0.762	3.144	1.12E-02
0.763	3.142	1.10E-02
0.764	3.139	1.09E-02
0.765	3.137	1.08E-02
0.766	3.135	1.06E-02
0.767	3.133	1.05E-02
0.768	3.131	1.04E-02
0.769	3.129	1.03E-02
0.77	3.127	1.02E-02
0.771	3.125	1.01E-02
0.772	3.123	9.94E-03
0.773	3.121	9.83E-03
0.774	3.119	9.72E-03
0.775	3.117	9.61E-03
0.776	3.115	9.50E-03
0.777	3.113	9.40E-03
0.778	3.112	9.30E-03
0.779	3.11	9.20E-03
0.78	3.108	9.10E-03
0.781	3.106	9.00E-03
0.782	3.104	8.90E-03
0.783	3.102	8.81E-03
0.784	3.101	8.72E-03
0.785	3.099	8.62E-03
0.786	3.097	8.53E-03
0.787	3.095	8.44E-03
0.788	3.093	8.36E-03
0.789	3.092	8.27E-03
0.79	3.09	8.19E-03
0.791	3.088	8.10E-03
0.792	3.087	8.02E-03
0.793	3.085	7.94E-03
0.794	3.083	7.86E-03
0.795	3.082	7.78E-03
0.796	3.08	7.70E-03
0.797	3.078	7.63E-03
0.798	3.077	7.55E-03
0.799	3.075	7.48E-03
0.8	3.074	7.41E-03
0.801	3.072	7.33E-03
0.802	3.07	7.26E-03
0.803	3.069	7.19E-03
0.804	3.067	7.12E-03
0.805	3.066	7.06E-03
0.806	3.064	6.99E-03
0.807	3.063	6.92E-03
0.808	3.061	6.86E-03
0.809	3.06	6.79E-03
0.81	3.058	6.73E-03
0.811	3.057	6.67E-03
0.812	3.055	6.60E-03
0.813	3.054	6.54E-03
0.814	3.052	6.48E-03
0.815	3.051	6.42E-03
0.816	3.049	6.36E-03
0.817	3.048	6.31E-03
0.818	3.047	6.25E-03
0.819	3.045	6.19E-03
0.82	3.044	6.14E-03
0.821	3.042	6.08E-03
0.822	3.041	6.03E-03
0.823	3.04	5.98E-03
0.824	3.038	5.92E-03
0.825	3.037	5.87E-03
0.826	3.036	5.82E-03
0.827	3.034	5.77E-03
0.828	3.033	5.72E-03
0.829	3.032	5.67E-03
0.83	3.03	5.62E-03
0.831	3.029	5.57E-03
0.832	3.028	5.52E-03
0.833	3.026	5.48E-03
0.834	3.025	5.43E-03
0.835	3.024	5.38E-03
0.836	3.023	5.34E-03
0.837	3.021	5.29E-03
0.838	3.02	5.25E-03
0.839	3.019	5.20E-03
0.84	3.018	5.16E-03
0.841	3.017	5.12E-03
0.842	3.015	5.08E-03
0.843	3.014	5.03E-03
0.844	3.013	4.99E-03
0.845	3.012	4.95E-03
0.846	3.011	4.91E-03
0.847	3.009	4.87E-03
0.848	3.008	4.83E-03
0.849	3.007	4.79E-03
0.85	3.006	4.75E-03
0.851	3.005	4.72E-03
0.852	3.004	4.68E-03
0.853	3.002	4.64E-03
0.854	3.001	4.60E-03
0.855	3	4.57E-03
0.856	2.999	4.53E-03
0.857	2.998	4.49E-03
0.858	2.997	4.46E-03
0.859	2.996	4.42E-03
0.86	2.995	4.39E-03
0.861	2.994	4.36E-03
0.862	2.993	4.32E-03
0.863	2.991	4.29E-03
0.864	2.99	4.26E-03
0.865	2.989	4.22E-03
0.866	2.988	4.19E-03
0.867	2.987	4.16E-03
0.868	2.986	4.13E-03
0.869	2.985	4.09E-03
0.87	2.984	4.06E-03
0.871	2.983	4.03E-03
0.872	2.982	4.00E-03
0.873	2.981	3.97E-03
0.874	2.98	3.94E-03
0.875	2.979	3.91E-03
0.876	2.978	3.88E-03
0.877	2.977	3.85E-03
0.878	2.976	3.83E-03
0.879	2.975	3.80E-03
0.88	2.974	3.77E-03
0.881	2.973	3.74E-03
0.882	2.972	3.71E-03
0.883	2.971	3.69E-03
0.884	2.97	3.66E-03
0.885	2.969	3.63E-03
0.886	2.968	3.61E-03
0.887	2.967	3.58E-03
0.888	2.967	3.55E-03
0.889	2.966	3.53E-03
0.89	2.965	3.50E-03
0.891	2.964	3.48E-03
0.892	2.963	3.45E-03
0.893	2.962	3.43E-03
0.894	2.961	3.40E-03
0.895	2.96	3.38E-03
0.896	2.959	3.36E-03
0.897	2.958	3.33E-03
0.898	2.957	3.31E-03
0.899	2.957	3.29E-03
0.9	2.956	3.26E-03
0.901	2.955	3.24E-03
0.902	2.954	3.22E-03
0.903	2.953	3.19E-03
0.904	2.952	3.17E-03
0.905	2.951	3.15E-03
0.906	2.951	3.13E-03
0.907	2.95	3.11E-03
0.908	2.949	3.08E-03
0.909	2.948	3.06E-03
0.91	2.947	3.04E-03
0.911	2.946	3.02E-03
0.912	2.946	3.00E-03
0.913	2.945	2.98E-03
0.914	2.944	2.96E-03
0.915	2.943	2.94E-03
0.916	2.942	2.92E-03
0.917	2.941	2.90E-03
0.918	2.941	2.88E-03
0.919	2.94	2.86E-03
0.92	2.939	2.84E-03
0.921	2.938	2.82E-03
0.922	2.937	2.80E-03
0.923	2.937	2.78E-03
0.924	2.936	2.77E-03
0.925	2.935	2.75E-03
0.926	2.934	2.73E-03
0.927	2.934	2.71E-03
0.928	2.933	2.69E-03
0.929	2.932	2.67E-03
0.93	2.931	2.66E-03
0.931	2.931	2.64E-03
0.932	2.93	2.62E-03
0.933	2.929	2.61E-03
0.934	2.928	2.59E-03
0.935	2.928	2.57E-03
0.936	2.927	2.55E-03
0.937	2.926	2.54E-03
0.938	2.925	2.52E-03
0.939	2.925	2.50E-03
0.94	2.924	2.49E-03
0.941	2.923	2.47E-03
0.942	2.923	2.46E-03
0.943	2.922	2.44E-03
0.944	2.921	2.42E-03
0.945	2.92	2.41E-03
0.946	2.92	2.39E-03
0.947	2.919	2.38E-03
0.948	2.918	2.36E-03
0.949	2.918	2.35E-03
0.95	2.917	2.33E-03
0.951	2.916	2.32E-03
0.952	2.916	2.30E-03
0.953	2.915	2.29E-03
0.954	2.914	2.27E-03
0.955	2.914	2.26E-03
0.956	2.913	2.24E-03
0.957	2.912	2.23E-03
0.958	2.911	2.22E-03
0.959	2.911	2.20E-03
0.96	2.91	2.19E-03
0.961	2.91	2.17E-03
0.962	2.909	2.16E-03
0.963	2.908	2.15E-03
0.964	2.908	2.13E-03
0.965	2.907	2.12E-03
0.966	2.906	2.11E-03
0.967	2.906	2.09E-03
0.968	2.905	2.08E-03
0.969	2.904	2.07E-03
0.97	2.904	2.06E-03
0.971	2.903	2.04E-03
0.972	2.902	2.03E-03
0.973	2.902	2.02E-03
0.974	2.901	2.01E-03
0.975	2.901	1.99E-03
0.976	2.9	1.98E-03
0.977	2.899	1.97E-03
0.978	2.899	1.96E-03
0.979	2.898	1.94E-03
0.98	2.898	1.93E-03
0.981	2.897	1.92E-03
0.982	2.896	1.91E-03
0.983	2.896	1.90E-03
0.984	2.895	1.89E-03
0.985	2.895	1.87E-03
0.986	2.894	1.86E-03
0.987	2.893	1.85E-03
0.988	2.893	1.84E-03
0.989	2.892	1.83E-03
0.99	2.892	1.82E-03
0.991	2.891	1.81E-03
0.992	2.891	1.80E-03
0.993	2.89	1.78E-03
0.994	2.889	1.77E-03
0.995	2.889	1.76E-03
0.996	2.888	1.75E-03
0.997	2.888	1.74E-03
0.998	2.887	1.73E-03
0.999	2.887	1.72E-03
1	2.886	1.71E-03
1.001	2.885	1.70E-03
1.002	2.885	1.69E-03
1.003	2.884	1.68E-03
1.004	2.884	1.67E-03
1.005	2.883	1.66E-03
1.006	2.883	1.65E-03
1.007	2.882	1.64E-03
1.008	2.882	1.63E-03
1.009	2.881	1.62E-03
1.01	2.881	1.61E-03
1.011	2.88	1.60E-03
1.012	2.879	1.59E-03
1.013	2.879	1.58E-03
1.014	2.878	1.57E-03
1.015	2.878	1.56E-03
1.016	2.877	1.55E-03
1.017	2.877	1.55E-03
1.018	2.876	1.54E-03
1.019	2.876	1.53E-03
1.02	2.875	1.52E-03
1.021	2.875	1.51E-03
1.022	2.874	1.50E-03
1.023	2.874	1.49E-03
1.024	2.873	1.48E-03
1.025	2.873	1.47E-03
1.026	2.872	1.47E-03
1.027	2.872	1.46E-03
1.028	2.871	1.45E-03
1.029	2.871	1.44E-03
1.03	2.87	1.43E-03
1.031	2.87	1.42E-03
1.032	2.869	1.41E-03
1.033	2.869	1.41E-03
1.034	2.868	1.40E-03
1.035	2.868	1.39E-03
1.036	2.867	1.38E-03
1.037	2.867	1.37E-03
1.038	2.866	1.37E-03
1.039	2.866	1.36E-03
1.04	2.865	1.35E-03
1.041	2.865	1.34E-03
1.042	2.865	1.33E-03
1.043	2.864	1.33E-03
1.044	2.864	1.32E-03
1.045	2.863	1.31E-03
1.046	2.863	1.30E-03
1.047	2.862	1.30E-03
1.048	2.862	1.29E-03
1.049	2.861	1.28E-03
1.05	2.861	1.27E-03
1.051	2.86	1.27E-03
1.052	2.86	1.26E-03
1.053	2.859	1.25E-03
1.054	2.859	1.24E-03
1.055	2.859	1.24E-03
1.056	2.858	1.23E-03
1.057	2.858	1.22E-03
1.058	2.857	1.22E-03
1.059	2.857	1.21E-03
1.06	2.856	1.20E-03
1.061	2.856	1.20E-03
1.062	2.855	1.19E-03
1.063	2.855	1.18E-03
1.064	2.855	1.17E-03
1.065	2.854	1.17E-03
1.066	2.854	1.16E-03
1.067	2.853	1.15E-03
1.068	2.853	1.15E-03
1.069	2.852	1.14E-03
1.07	2.852	1.14E-03
1.071	2.852	1.13E-03
1.072	2.851	1.12E-03
1.073	2.851	1.12E-03
1.074	2.85	1.11E-03
1.075	2.85	1.10E-03
1.076	2.849	1.10E-03
1.077	2.849	1.09E-03
1.078	2.849	1.08E-03
1.079	2.848	1.08E-03
1.08	2.848	1.07E-03
1.081	2.847	1.07E-03
1.082	2.847	1.06E-03
1.083	2.847	1.05E-03
1.084	2.846	1.05E-03
1.085	2.846	1.04E-03
1.086	2.845	1.04E-03
1.087	2.845	1.03E-03
1.088	2.845	1.02E-03
1.089	2.844	1.02E-03
1.09	2.844	1.01E-03
1.091	2.843	1.01E-03
1.092	2.843	1.00E-03
1.093	2.843	9.94E-04
1.094	2.842	9.89E-04
1.095	2.842	9.83E-04
1.096	2.841	9.77E-04
1.097	2.841	9.72E-04
1.098	2.841	9.66E-04
1.099	2.84	9.61E-04
1.1	2.84	9.55E-04
1.101	2.84	9.50E-04
1.102	2.839	9.44E-04
1.103	2.839	9.39E-04
1.104	2.838	9.34E-04
1.105	2.838	9.28E-04
1.106	2.838	9.23E-04
1.107	2.837	9.18E-04
1.108	2.837	9.13E-04
1.109	2.837	9.07E-04
1.11	2.836	9.02E-04
1.111	2.836	8.97E-04
1.112	2.835	8.92E-04
1.113	2.835	8.87E-04
1.114	2.835	8.82E-04
1.115	2.834	8.77E-04
1.116	2.834	8.72E-04
1.117	2.834	8.67E-04
1.118	2.833	8.62E-04
1.119	2.833	8.57E-04
1.12	2.833	8.52E-04
1.121	2.832	8.47E-04
1.122	2.832	8.42E-04
1.123	2.832	8.38E-04
1.124	2.831	8.33E-04
1.125	2.831	8.28E-04
1.126	2.83	8.23E-04
1.127	2.83	8.19E-04
1.128	2.83	8.14E-04
1.129	2.829	8.09E-04
1.13	2.829	8.05E-04
1.131	2.829	8.00E-04
1.132	2.828	7.96E-04
1.133	2.828	7.91E-04
1.134	2.828	7.86E-04
1.135	2.827	7.82E-04
1.136	2.827	7.78E-04
1.137	2.827	7.73E-04
1.138	2.826	7.69E-04
1.139	2.826	7.64E-04
1.14	2.826	7.60E-04
1.141	2.825	7.56E-04
1.142	2.825	7.51E-04
1.143	2.825	7.47E-04
1.144	2.824	7.43E-04
1.145	2.824	7.38E-04
1.146	2.824	7.34E-04
1.147	2.823	7.30E-04
1.148	2.823	7.26E-04
1.149	2.823	7.22E-04
1.15	2.822	7.17E-04
1.151	2.822	7.13E-04
1.152	2.822	7.09E-04
1.153	2.821	7.05E-04
1.154	2.821	7.01E-04
1.155	2.821	6.97E-04
1.156	2.82	6.93E-04
1.157	2.82	6.89E-04
1.158	2.82	6.85E-04
1.159	2.82	6.81E-04
1.16	2.819	6.77E-04
1.161	2.819	6.73E-04
1.162	2.819	6.70E-04
1.163	2.818	6.66E-04
1.164	2.818	6.62E-04
1.165	2.818	6.58E-04
1.166	2.817	6.54E-04
1.167	2.817	6.50E-04
1.168	2.817	6.47E-04
1.169	2.816	6.43E-04
1.17	2.816	6.39E-04
1.171	2.816	6.36E-04
1.172	2.816	6.32E-04
1.173	2.815	6.28E-04
1.174	2.815	6.25E-04
1.175	2.815	6.21E-04
1.176	2.814	6.17E-04
1.177	2.814	6.14E-04
1.178	2.814	6.10E-04
1.179	2.813	6.07E-04
1.18	2.813	6.03E-04
1.181	2.813	6.00E-04
1.182	2.813	5.96E-04
1.183	2.812	5.93E-04
1.184	2.812	5.89E-04
1.185	2.812	5.86E-04
1.186	2.811	5.82E-04
1.187	2.811	5.79E-04
1.188	2.811	5.76E-04
1.189	2.811	5.72E-04
1.19	2.81	5.69E-04
1.191	2.81	5.66E-04
1.192	2.81	5.62E-04
1.193	2.809	5.59E-04
1.194	2.809	5.56E-04
1.195	2.809	5.52E-04
1.196	2.809	5.49E-04
1.197	2.808	5.46E-04
1.198	2.808	5.43E-04
1.199	2.808	5.40E-04
1.2	2.807	5.36E-04
1.201	2.807	5.33E-04
1.202	2.807	5.30E-04
1.203	2.807	5.27E-04
1.204	2.806	5.24E-04
1.205	2.806	5.21E-04
1.206	2.806	5.18E-04
1.207	2.806	5.15E-04
1.208	2.805	5.12E-04
1.209	2.805	5.09E-04
1.21	2.805	5.06E-04
1.211	2.804	5.03E-04
1.212	2.804	5.00E-04
1.213	2.804	4.97E-04
1.214	2.804	4.94E-04
1.215	2.803	4.91E-04
1.216	2.803	4.88E-04
1.217	2.803	4.85E-04
1.218	2.803	4.82E-04
1.219	2.802	4.79E-04
1.22	2.802	4.76E-04
1.221	2.802	4.73E-04
1.222	2.802	4.71E-04
1.223	2.801	4.68E-04
1.224	2.801	4.65E-04
1.225	2.801	4.62E-04
1.226	2.801	4.59E-04
1.227	2.8	4.57E-04
1.228	2.8	4.54E-04
1.229	2.8	4.51E-04
1.23	2.8	4.48E-04
1.231	2.799	4.46E-04
1.232	2.799	4.43E-04
1.233	2.799	4.40E-04
1.234	2.799	4.38E-04
1.235	2.798	4.35E-04
1.236	2.798	4.32E-04
1.237	2.798	4.30E-04
1.238	2.798	4.27E-04
1.239	2.797	4.25E-04
1.24	2.797	4.22E-04
1.241	2.797	4.20E-04
1.242	2.797	4.17E-04
1.243	2.796	4.14E-04
1.244	2.796	4.12E-04
1.245	2.796	4.09E-04
1.246	2.796	4.07E-04
1.247	2.795	4.04E-04
1.248	2.795	4.02E-04
1.249	2.795	3.99E-04
1.25	2.795	3.97E-04
1.251	2.794	3.95E-04
1.252	2.794	3.92E-04
1.253	2.794	3.90E-04
1.254	2.794	3.87E-04
1.255	2.793	3.85E-04
1.256	2.793	3.82E-04
1.257	2.793	3.80E-04
1.258	2.793	3.78E-04
1.259	2.793	3.75E-04
1.26	2.792	3.73E-04
1.261	2.792	3.71E-04
1.262	2.792	3.68E-04
1.263	2.792	3.66E-04
1.264	2.791	3.64E-04
1.265	2.791	3.62E-04
1.266	2.791	3.59E-04
1.267	2.791	3.57E-04
1.268	2.79	3.55E-04
1.269	2.79	3.53E-04
1.27	2.79	3.50E-04
1.271	2.79	3.48E-04
1.272	2.79	3.46E-04
1.273	2.789	3.44E-04
1.274	2.789	3.42E-04
1.275	2.789	3.40E-04
1.276	2.789	3.37E-04
1.277	2.788	3.35E-04
1.278	2.788	3.33E-04
1.279	2.788	3.31E-04
1.28	2.788	3.29E-04
1.281	2.788	3.27E-04
1.282	2.787	3.25E-04
1.283	2.787	3.23E-04
1.284	2.787	3.21E-04
1.285	2.787	3.18E-04
1.286	2.786	3.16E-04
1.287	2.786	3.14E-04
1.288	2.786	3.12E-04
1.289	2.786	3.10E-04
1.29	2.786	3.08E-04
1.291	2.785	3.06E-04
1.292	2.785	3.04E-04
1.293	2.785	3.02E-04
1.294	2.785	3.00E-04
1.295	2.785	2.98E-04
1.296	2.784	2.97E-04
1.297	2.784	2.95E-04
1.298	2.784	2.93E-04
1.299	2.784	2.91E-04
1.3	2.784	2.89E-04
1.301	2.783	2.87E-04
1.302	2.783	2.85E-04
1.303	2.783	2.83E-04
1.304	2.783	2.81E-04
1.305	2.782	2.80E-04
1.306	2.782	2.78E-04
1.307	2.782	2.76E-04
1.308	2.782	2.74E-04
1.309	2.782	2.72E-04
1.31	2.781	2.70E-04
1.311	2.781	2.69E-04
1.312	2.781	2.67E-04
1.313	2.781	2.65E-04
1.314	2.781	2.63E-04
1.315	2.78	2.61E-04
1.316	2.78	2.60E-04
1.317	2.78	2.58E-04
1.318	2.78	2.56E-04
1.319	2.78	2.54E-04
1.32	2.779	2.53E-04
1.321	2.779	2.51E-04
1.322	2.779	2.49E-04
1.323	2.779	2.48E-04
1.324	2.779	2.46E-04
1.325	2.778	2.44E-04
1.326	2.778	2.43E-04
1.327	2.778	2.41E-04
1.328	2.778	2.39E-04
1.329	2.778	2.38E-04
1.33	2.778	2.36E-04
1.331	2.777	2.34E-04
1.332	2.777	2.33E-04
1.333	2.777	2.31E-04
1.334	2.777	2.30E-04
1.335	2.777	2.28E-04
1.336	2.776	2.26E-04
1.337	2.776	2.25E-04
1.338	2.776	2.23E-04
1.339	2.776	2.22E-04
1.34	2.776	2.20E-04
1.341	2.775	2.19E-04
1.342	2.775	2.17E-04
1.343	2.775	2.16E-04
1.344	2.775	2.14E-04
1.345	2.775	2.13E-04
1.346	2.775	2.11E-04
1.347	2.774	2.10E-04
1.348	2.774	2.08E-04
1.349	2.774	2.07E-04
1.35	2.774	2.05E-04
1.351	2.774	2.04E-04
1.352	2.773	2.02E-04
1.353	2.773	2.01E-04
1.354	2.773	1.99E-04
1.355	2.773	1.98E-04
1.356	2.773	1.96E-04
1.357	2.773	1.95E-04
1.358	2.772	1.94E-04
1.359	2.772	1.92E-04
1.36	2.772	1.91E-04
1.361	2.772	1.89E-04
1.362	2.772	1.88E-04
1.363	2.771	1.87E-04
1.364	2.771	1.85E-04
1.365	2.771	1.84E-04
1.366	2.771	1.83E-04
1.367	2.771	1.81E-04
1.368	2.771	1.80E-04
1.369	2.77	1.79E-04
1.37	2.77	1.77E-04
1.371	2.77	1.76E-04
1.372	2.77	1.75E-04
1.373	2.77	1.73E-04
1.374	2.77	1.72E-04
1.375	2.769	1.71E-04
1.376	2.769	1.69E-04
1.377	2.769	1.68E-04
1.378	2.769	1.67E-04
1.379	2.769	1.66E-04
1.38	2.769	1.64E-04
1.381	2.768	1.63E-04
1.382	2.768	1.62E-04
1.383	2.768	1.61E-04
1.384	2.768	1.59E-04
1.385	2.768	1.58E-04
1.386	2.768	1.57E-04
1.387	2.767	1.56E-04
1.388	2.767	1.54E-04
1.389	2.767	1.53E-04
1.39	2.767	1.52E-04
1.391	2.767	1.51E-04
1.392	2.767	1.50E-04
1.393	2.766	1.49E-04
1.394	2.766	1.47E-04
1.395	2.766	1.46E-04
1.396	2.766	1.45E-04
1.397	2.766	1.44E-04
1.398	2.766	1.43E-04
1.399	2.765	1.42E-04
1.4	2.765	1.40E-04
1.401	2.765	1.39E-04
1.402	2.765	1.38E-04
1.403	2.765	1.37E-04
1.404	2.765	1.36E-04
1.405	2.764	1.35E-04
1.406	2.764	1.34E-04
1.407	2.764	1.33E-04
1.408	2.764	1.32E-04
1.409	2.764	1.31E-04
1.41	2.764	1.30E-04
1.411	2.764	1.28E-04
1.412	2.763	1.27E-04
1.413	2.763	1.26E-04
1.414	2.763	1.25E-04
1.415	2.763	1.24E-04
1.416	2.763	1.23E-04
1.417	2.763	1.22E-04
1.418	2.762	1.21E-04
1.419	2.762	1.20E-04
1.42	2.762	1.19E-04
1.421	2.762	1.18E-04
1.422	2.762	1.17E-04
1.423	2.762	1.16E-04
1.424	2.761	1.15E-04
1.425	2.761	1.14E-04
1.426	2.761	1.13E-04
1.427	2.761	1.12E-04
1.428	2.761	1.11E-04
1.429	2.761	1.10E-04
1.43	2.761	1.09E-04
1.431	2.76	1.08E-04
1.432	2.76	1.07E-04
1.433	2.76	1.07E-04
1.434	2.76	1.06E-04
1.435	2.76	1.05E-04
1.436	2.76	1.04E-04
1.437	2.76	1.03E-04
1.438	2.759	1.02E-04
1.439	2.759	1.01E-04
1.44	2.759	1.00E-04
1.441	2.759	9.92E-05
1.442	2.759	9.83E-05
1.443	2.759	9.74E-05
1.444	2.759	9.65E-05
1.445	2.758	9.57E-05
1.446	2.758	9.48E-05
1.447	2.758	9.39E-05
1.448	2.758	9.31E-05
1.449	2.758	9.22E-05
1.45	2.758	9.14E-05
1.451	2.758	9.05E-05
1.452	2.757	8.97E-05
1.453	2.757	8.88E-05
1.454	2.757	8.80E-05
1.455	2.757	8.72E-05
1.456	2.757	8.64E-05
1.457	2.757	8.55E-05
1.458	2.757	8.47E-05
1.459	2.756	8.39E-05
1.46	2.756	8.31E-05
1.461	2.756	8.23E-05
1.462	2.756	8.15E-05
1.463	2.756	8.08E-05
1.464	2.756	8.00E-05
1.465	2.756	7.92E-05
1.466	2.755	7.84E-05
1.467	2.755	7.77E-05
1.468	2.755	7.69E-05
1.469	2.755	7.62E-05
1.47	2.755	7.54E-05
1.471	2.755	7.47E-05
1.472	2.755	7.39E-05
1.473	2.754	7.32E-05
1.474	2.754	7.24E-05
1.475	2.754	7.17E-05
1.476	2.754	7.10E-05
1.477	2.754	7.03E-05
1.478	2.754	6.96E-05
1.479	2.754	6.88E-05
1.48	2.754	6.81E-05
1.481	2.753	6.74E-05
1.482	2.753	6.67E-05
1.483	2.753	6.60E-05
1.484	2.753	6.54E-05
1.485	2.753	6.47E-05
1.486	2.753	6.40E-05
1.487	2.753	6.33E-05
1.488	2.752	6.27E-05
1.489	2.752	6.20E-05
1.49	2.752	6.13E-05
1.491	2.752	6.07E-05
1.492	2.752	6.00E-05
1.493	2.752	5.94E-05
1.494	2.752	5.87E-05
1.495	2.752	5.81E-05
1.496	2.751	5.74E-05
1.497	2.751	5.68E-05
1.498	2.751	5.62E-05
1.499	2.751	5.56E-05
1.5	2.751	5.50E-05
1.501	2.751	5.43E-05
1.502	2.751	5.37E-05
1.503	2.751	5.31E-05
1.504	2.75	5.25E-05
1.505	2.75	5.19E-05
1.506	2.75	5.13E-05
1.507	2.75	5.07E-05
1.508	2.75	5.02E-05
1.509	2.75	4.96E-05
1.51	2.75	4.90E-05
1.511	2.75	4.84E-05
1.512	2.749	4.79E-05
1.513	2.749	4.73E-05
1.514	2.749	4.67E-05
1.515	2.749	4.62E-05
1.516	2.749	4.56E-05
1.517	2.749	4.51E-05
1.518	2.749	4.45E-05
1.519	2.749	4.40E-05
1.52	2.748	4.34E-05
1.521	2.748	4.29E-05
1.522	2.748	4.24E-05
1.523	2.748	4.19E-05
1.524	2.748	4.13E-05
1.525	2.748	4.08E-05
1.526	2.748	4.03E-05
1.527	2.748	3.98E-05
1.528	2.748	3.93E-05
1.529	2.747	3.88E-05
1.53	2.747	3.83E-05
1.531	2.747	3.78E-05
1.532	2.747	3.73E-05
1.533	2.747	3.68E-05
1.534	2.747	3.63E-05
1.535	2.747	3.59E-05
1.536	2.747	3.54E-05
1.537	2.746	3.49E-05
1.538	2.746	3.44E-05
1.539	2.746	3.40E-05
1.54	2.746	3.35E-05
1.541	2.746	3.31E-05
1.542	2.746	3.26E-05
1.543	2.746	3.22E-05
1.544	2.746	3.17E-05
1.545	2.746	3.13E-05
1.546	2.745	3.08E-05
1.547	2.745	3.04E-05
1.548	2.745	3.00E-05
1.549	2.745	2.95E-05
1.55	2.745	2.91E-05
1.551	2.745	2.87E-05
1.552	2.745	2.83E-05
1.553	2.745	2.79E-05
1.554	2.744	2.74E-05
1.555	2.744	2.70E-05
1.556	2.744	2.66E-05
1.557	2.744	2.62E-05
1.558	2.744	2.58E-05
1.559	2.744	2.54E-05
1.56	2.744	2.51E-05
1.561	2.744	2.47E-05
1.562	2.744	2.43E-05
1.563	2.743	2.39E-05
1.564	2.743	2.35E-05
1.565	2.743	2.32E-05
1.566	2.743	2.28E-05
1.567	2.743	2.24E-05
1.568	2.743	2.21E-05
1.569	2.743	2.17E-05
1.57	2.743	2.13E-05
1.571	2.743	2.10E-05
1.572	2.742	2.06E-05
1.573	2.742	2.03E-05
1.574	2.742	2.00E-05
1.575	2.742	1.96E-05
1.576	2.742	1.93E-05
1.577	2.742	1.89E-05
1.578	2.742	1.86E-05
1.579	2.742	1.83E-05
1.58	2.742	1.80E-05
1.581	2.742	1.76E-05
1.582	2.741	1.73E-05
1.583	2.741	1.70E-05
1.584	2.741	1.67E-05
1.585	2.741	1.64E-05
1.586	2.741	1.61E-05
1.587	2.741	1.58E-05
1.588	2.741	1.55E-05
1.589	2.741	1.52E-05
1.59	2.741	1.49E-05
1.591	2.74	1.46E-05
1.592	2.74	1.43E-05
1.593	2.74	1.41E-05
1.594	2.74	1.38E-05
1.595	2.74	1.35E-05
1.596	2.74	1.32E-05
1.597	2.74	1.30E-05
1.598	2.74	1.27E-05
1.599	2.74	1.24E-05
1.6	2.74	1.22E-05
1.601	2.739	1.19E-05
1.602	2.739	1.17E-05
1.603	2.739	1.14E-05
1.604	2.739	1.12E-05
1.605	2.739	1.09E-05
1.606	2.739	1.07E-05
1.607	2.739	1.04E-05
1.608	2.739	1.02E-05
1.609	2.739	9.96E-06
1.61	2.739	9.73E-06
1.611	2.738	9.50E-06
1.612	2.738	9.27E-06
1.613	2.738	9.05E-06
1.614	2.738	8.83E-06
1.615	2.738	8.62E-06
1.616	2.738	8.40E-06
1.617	2.738	8.19E-06
1.618	2.738	7.99E-06
1.619	2.738	7.78E-06
1.62	2.738	7.58E-06
1.621	2.737	7.38E-06
1.622	2.737	7.19E-06
1.623	2.737	6.99E-06
1.624	2.737	6.80E-06
1.625	2.737	6.61E-06
1.626	2.737	6.43E-06
1.627	2.737	6.25E-06
1.628	2.737	6.07E-06
1.629	2.737	5.89E-06
1.63	2.737	5.72E-06
1.631	2.736	5.55E-06
1.632	2.736	5.38E-06
1.633	2.736	5.21E-06
1.634	2.736	5.05E-06
1.635	2.736	4.89E-06
1.636	2.736	4.73E-06
1.637	2.736	4.58E-06
1.638	2.736	4.43E-06
1.639	2.736	4.28E-06
1.64	2.736	4.13E-06
1.641	2.736	3.99E-06
1.642	2.735	3.85E-06
1.643	2.735	3.71E-06
1.644	2.735	3.57E-06
1.645	2.735	3.44E-06
1.646	2.735	3.31E-06
1.647	2.735	3.18E-06
1.648	2.735	3.06E-06
1.649	2.735	2.94E-06
1.65	2.735	2.82E-06
1.651	2.735	2.70E-06
1.652	2.734	2.58E-06
1.653	2.734	2.47E-06
1.654	2.734	2.36E-06
1.655	2.734	2.26E-06
1.656	2.734	2.15E-06
1.657	2.734	2.05E-06
1.658	2.734	1.95E-06
1.659	2.734	1.85E-06
1.66	2.734	1.76E-06
1.661	2.734	1.67E-06
1.662	2.734	1.58E-06
1.663	2.733	1.49E-06
1.664	2.733	1.41E-06
1.665	2.733	1.33E-06
1.666	2.733	1.25E-06
1.667	2.733	1.17E-06
1.668	2.733	1.10E-06
1.669	2.733	1.03E-06
1.67	2.733	9.58E-07
1.671	2.733	8.91E-07
1.672	2.733	8.27E-07
1.673	2.733	7.66E-07
1.674	2.732	7.06E-07
1.675	2.732	6.49E-07
1.676	2.732	5.95E-07
1.677	2.732	5.43E-07
1.678	2.732	4.94E-07
1.679	2.732	4.47E-07
1.68	2.732	4.02E-07
1.681	2.732	3.60E-07
1.682	2.732	3.20E-07
1.683	2.732	2.82E-07
1.684	2.732	2.47E-07
1.685	2.732	2.14E-07
1.686	2.731	1.84E-07
1.687	2.731	1.56E-07
1.688	2.731	1.30E-07
1.689	2.731	1.07E-07
1.69	2.731	8.54E-08
1.691	2.731	6.67E-08
1.692	2.731	5.03E-08
1.693	2.731	3.63E-08
1.694	2.731	2.45E-08
1.695	2.731	1.51E-08
1.696	2.731	7.89E-09
1.697	2.731	3.03E-09
1.698	2.73	4.52E-10
1.699	2.73	0.00E+00
1.7	2.73	0.00E+00
